[gd_scene load_steps=20 format=3 uid="uid://bgui52ospmdea"]

[ext_resource type="Script" path="res://Levels/Starting_menu/world_start_menu.gd" id="1_djd7w"]
[ext_resource type="PackedScene" uid="uid://byeg7nopfluwe" path="res://3D_Models/Environnement/1/block-grass-low.glb" id="1_ry6it"]
[ext_resource type="PackedScene" uid="uid://qpj46gysmj3k" path="res://3D_Models/Environnement/1/block-grass-narrow.glb" id="2_mpwjr"]
[ext_resource type="PackedScene" uid="uid://d3rvk0a3cyqhk" path="res://3D_Models/Environnement/1/block-grass-overhang-corner.glb" id="3_0cmhl"]
[ext_resource type="PackedScene" uid="uid://b1y6yrc2isdxw" path="res://3D_Models/Environnement/1/poles.glb" id="6_5vmb3"]
[ext_resource type="PackedScene" uid="uid://cqpltoyce3qve" path="res://3D_Models/Environnement/1/platform.glb" id="7_eamds"]
[ext_resource type="PackedScene" uid="uid://bicr5dcut5cfh" path="res://3D_Models/Environnement/1/grass.glb" id="8_onrxg"]
[ext_resource type="PackedScene" uid="uid://4hfadnhlr33a" path="res://3D_Models/Environnement/1/flowers-tall.glb" id="9_g0bg6"]
[ext_resource type="PackedScene" uid="uid://bxkgdcllpvnfg" path="res://3D_Models/Environnement/1/hedge.glb" id="10_5jlg5"]
[ext_resource type="PackedScene" uid="uid://bhru0ss484xgl" path="res://3D_Models/Environnement/4/tree_tall.glb" id="11_175nt"]
[ext_resource type="PackedScene" uid="uid://xrplb3y2b3dx" path="res://3D_Models/Environnement/4/tree_tall_fall.glb" id="12_1g6r1"]
[ext_resource type="PackedScene" uid="uid://7v205jv78sm2" path="res://3D_Models/Environnement/4/tree_thin.glb" id="13_3djj2"]
[ext_resource type="PackedScene" uid="uid://t642u8ctkxbb" path="res://3D_Models/Environnement/4/tree_thin_fall.glb" id="14_0opji"]
[ext_resource type="PackedScene" uid="uid://cgf2l2hrv6dt5" path="res://3D_Models/Environnement/4/tree_small.glb" id="15_6mosl"]
[ext_resource type="AudioStream" uid="uid://dvn2ekfbvyhch" path="res://Sounds/Fortnite Menu Theme (Full) - Fortnite Soundtrack [Original + Battle Royale].mp3" id="16_j8jdw"]
[ext_resource type="PackedScene" uid="uid://c717orbdilke3" path="res://Entities/Player/Scenes/player.tscn" id="16_ui0hs"]
[ext_resource type="PackedScene" uid="uid://cwru8wjnyjiks" path="res://Levels/Test/Scenes/lever.tscn" id="17_cd1s2"]
[ext_resource type="Script" path="res://Levels/Test/Scripts/lever_main_menu.gd" id="18_asigq"]
[ext_resource type="MeshLibrary" uid="uid://xa5h52wqdnf5" path="res://Levels/Test/Assets/world_blocks_test.tres" id="19_c4sqi"]

[node name="World" type="Node3D"]
script = ExtResource("1_djd7w")

[node name="block-grass-low2" parent="." instance=ExtResource("1_ry6it")]
transform = Transform3D(1, 0, 0, 0, 1, 0, 0, 0, 1, 0.175394, 0, 0.455438)

[node name="block-grass-low3" parent="." instance=ExtResource("1_ry6it")]
transform = Transform3D(1, 0, 0, 0, 1, 0, 0, 0, 1, 0.141022, 0, 1.06372)

[node name="block-grass-low4" parent="." instance=ExtResource("1_ry6it")]
transform = Transform3D(1, 0, 0, 0, 1, 0, 0, 0, 1, 0.881155, -1.19209e-07, 0.617222)

[node name="block-grass-low9" parent="." instance=ExtResource("1_ry6it")]
transform = Transform3D(1, 0, 0, 0, 1, 0, 0, 0, 1, 0.881155, -1.19209e-07, 0.617222)

[node name="block-grass-low10" parent="." instance=ExtResource("1_ry6it")]
transform = Transform3D(1, 0, 0, 0, 1, 0, 0, 0, 1, 1.83945, -1.19209e-07, 0.617222)

[node name="block-grass-low25" parent="." instance=ExtResource("1_ry6it")]
transform = Transform3D(1, 0, 0, 0, 1, 0, 0, 0, 1, 2.22546, -1.19209e-07, 0.895622)

[node name="block-grass-low11" parent="." instance=ExtResource("1_ry6it")]
transform = Transform3D(1, 0, 0, 0, 1, 0, 0, 0, 1, 1.83945, -1.19209e-07, 1.41229)

[node name="block-grass-low12" parent="." instance=ExtResource("1_ry6it")]
transform = Transform3D(1, 0, 0, 0, 1, 0, 0, 0, 1, 1.04249, -1.19209e-07, 1.41229)

[node name="block-grass-low13" parent="." instance=ExtResource("1_ry6it")]
transform = Transform3D(1, 0, 0, 0, 1, 0, 0, 0, 1, 0.516703, -1.19209e-07, 1.92752)

[node name="block-grass-low15" parent="." instance=ExtResource("1_ry6it")]
transform = Transform3D(1, 0, 0, 0, 1, 0, 0, 0, 1, 1.48033, -1.19209e-07, 1.92752)

[node name="block-grass-low16" parent="." instance=ExtResource("1_ry6it")]
transform = Transform3D(1, 0, 0, 0, 1, 0, 0, 0, 1, 2.24756, -1.19209e-07, 1.92752)

[node name="block-grass-low14" parent="." instance=ExtResource("1_ry6it")]
transform = Transform3D(1, 0, 0, 0, 1, 0, 0, 0, 1, -0.411832, -1.19209e-07, 1.90856)

[node name="block-grass-low17" parent="." instance=ExtResource("1_ry6it")]
transform = Transform3D(1, 0, 0, 0, 1, 0, 0, 0, 1, -1.15759, -1.19209e-07, 1.90856)

[node name="block-grass-low18" parent="." instance=ExtResource("1_ry6it")]
transform = Transform3D(1, 0, 0, 0, 1, 0, 0, 0, 1, -1.15759, -1.19209e-07, 1.03464)

[node name="block-grass-low19" parent="." instance=ExtResource("1_ry6it")]
transform = Transform3D(1, 0, 0, 0, 1, 0, 0, 0, 1, -1.15759, -1.19209e-07, 0.170442)

[node name="block-grass-low20" parent="." instance=ExtResource("1_ry6it")]
transform = Transform3D(1, 0, 0, 0, 1, 0, 0, 0, 1, -1.97949, -1.19209e-07, 0.170442)

[node name="block-grass-low21" parent="." instance=ExtResource("1_ry6it")]
transform = Transform3D(1, 0, 0, 0, 1, 0, 0, 0, 1, -1.97949, -1.19209e-07, 0.964362)

[node name="block-grass-low22" parent="." instance=ExtResource("1_ry6it")]
transform = Transform3D(1, 0, 0, 0, 1, 0, 0, 0, 1, -1.97949, -1.19209e-07, 1.77064)

[node name="block-grass-low26" parent="." instance=ExtResource("1_ry6it")]
transform = Transform3D(1, 0, 0, 0, 1, 0, 0, 0, 1, -1.97949, -1.19209e-07, 1.77064)

[node name="block-grass-low23" parent="." instance=ExtResource("1_ry6it")]
transform = Transform3D(1, 0, 0, 0, 1, 0, 0, 0, 1, -2.56914, -1.19209e-07, 1.4507)

[node name="block-grass-low24" parent="." instance=ExtResource("1_ry6it")]
transform = Transform3D(1, 0, 0, 0, 1, 0, 0, 0, 1, -2.56914, -1.19209e-07, 0.613554)

[node name="block-grass-low5" parent="." instance=ExtResource("1_ry6it")]
transform = Transform3D(1, 0, 0, 0, 1, 0, 0, 0, 1, 0.699754, 0, -0.184533)

[node name="block-grass-low6" parent="." instance=ExtResource("1_ry6it")]
transform = Transform3D(1, 0, 0, 0, 1, 0, 0, 0, 1, -0.121746, 0, -0.222855)

[node name="block-grass-low7" parent="." instance=ExtResource("1_ry6it")]
transform = Transform3D(1, 0, 0, 0, 1, 0, 0, 0, 1, -0.691563, -1.19209e-07, 0.35486)

[node name="block-grass-low8" parent="." instance=ExtResource("1_ry6it")]
transform = Transform3D(1, 0, 0, 0, 1, 0, 0, 0, 1, -0.642104, 0, 1.03499)

[node name="block-grass-narrow2" parent="." instance=ExtResource("2_mpwjr")]
transform = Transform3D(1, 0, 0, 0, 1, 0, 0, 0, 1, 0.0602798, 0, 0.472249)

[node name="block-grass-overhang-corner2" parent="." instance=ExtResource("3_0cmhl")]
transform = Transform3D(1, 0, 0, 0, 1, 0, 0, 0, 1, 1.25351, 0, -0.151862)

[node name="block-grass-overhang-corner5" parent="." instance=ExtResource("3_0cmhl")]
transform = Transform3D(1, 0, 0, 0, 1, 0, 0, 0, 1, 1.25351, 0, -0.130717)

[node name="block-grass-overhang-corner6" parent="." instance=ExtResource("3_0cmhl")]
transform = Transform3D(1, 0, 0, 0, 1, 0, 0, 0, 1, 2.03518, 0, -0.130717)

[node name="block-grass-overhang-corner7" parent="." instance=ExtResource("3_0cmhl")]
transform = Transform3D(1, 0, 0, 0, 1, 0, 0, 0, 1, 2.29331, 0, 0.239488)

[node name="block-grass-overhang-corner3" parent="." instance=ExtResource("3_0cmhl")]
transform = Transform3D(1, 0, 0, 0, 1, 0, 0, 0, 1, 0.436047, -1.19209e-07, -0.427607)

[node name="block-grass-overhang-corner4" parent="." instance=ExtResource("3_0cmhl")]
transform = Transform3D(1, 0, 0, 0, 1, 0, 0, 0, 1, -0.326326, 0, -0.322608)

[node name="poles2" parent="." instance=ExtResource("6_5vmb3")]
transform = Transform3D(1, 0, 0, 0, 1, 0, 0, 0, 1, -0.370129, 0.99873, -0.646429)

[node name="poles3" parent="." instance=ExtResource("6_5vmb3")]
transform = Transform3D(1, 0, 0, 0, 1, 0, 0, 0, 1, 0.555056, 0.960774, -0.632274)

[node name="platform2" parent="." instance=ExtResource("7_eamds")]
transform = Transform3D(0.390598, -0.418894, 0.819732, 0.731378, 0.681973, -1.18668e-08, -0.559035, 0.599534, 0.572747, -0.629429, 0.800273, 0.357401)

[node name="grass2" parent="." instance=ExtResource("8_onrxg")]
transform = Transform3D(1, 0, 0, 0, 1, 0, 0, 0, 1, -2.36285, 0.529401, 1.35667)

[node name="grass4" parent="." instance=ExtResource("8_onrxg")]
transform = Transform3D(0.623607, 0, 0.781738, -0.165241, 0.977405, 0.131815, -0.764075, -0.211376, 0.609516, -1.50323, 0.529401, 1.75424)

[node name="grass7" parent="." instance=ExtResource("8_onrxg")]
transform = Transform3D(0.199526, -0.0977596, 0.975004, -0.165241, 0.977405, 0.131815, -0.96586, -0.187411, 0.178864, -0.898285, 0.529401, 1.75424)

[node name="grass8" parent="." instance=ExtResource("8_onrxg")]
transform = Transform3D(0.199526, -0.0977596, 0.975004, -0.165241, 0.977405, 0.131815, -0.96586, -0.187411, 0.178864, -0.898285, 0.529401, 1.24179)

[node name="grass9" parent="." instance=ExtResource("8_onrxg")]
transform = Transform3D(0.199526, -0.0977596, 0.975004, -0.165241, 0.977405, 0.131815, -0.96586, -0.187411, 0.178864, -0.898285, 0.529401, 1.24179)

[node name="grass10" parent="." instance=ExtResource("8_onrxg")]
transform = Transform3D(0.199526, -0.0977596, 0.975004, 0.334528, 0.942027, 0.0259948, -0.921021, 0.320979, 0.220663, -0.0164827, 0.529401, 1.24179)

[node name="grass11" parent="." instance=ExtResource("8_onrxg")]
transform = Transform3D(0.630915, -0.244367, 0.736364, 0.334528, 0.942027, 0.0259948, -0.700027, 0.229934, 0.676086, -0.211598, 0.529401, 1.70135)

[node name="grass12" parent="." instance=ExtResource("8_onrxg")]
transform = Transform3D(0.630915, -0.244367, 0.736364, 0.189589, 0.968889, 0.159092, -0.752332, 0.0392327, 0.657615, 1.26195, 0.529401, 1.70135)

[node name="grass15" parent="." instance=ExtResource("8_onrxg")]
transform = Transform3D(0.267306, -0.89418, 0.359152, 0.602117, 0.445986, 0.662232, -0.752332, 0.0392327, 0.657615, 0.696004, 0.529401, 1.70135)

[node name="grass13" parent="." instance=ExtResource("8_onrxg")]
transform = Transform3D(-0.238887, -0.111645, 0.964608, 0.189589, 0.968889, 0.159092, -0.95236, 0.220884, -0.210289, 1.26195, 0.529401, 0.789747)

[node name="grass14" parent="." instance=ExtResource("8_onrxg")]
transform = Transform3D(-0.238887, -0.111645, 0.964608, 0.189589, 0.968889, 0.159092, -0.95236, 0.220884, -0.210289, 1.66451, 0.529401, 0.789747)

[node name="grass3" parent="." instance=ExtResource("8_onrxg")]
transform = Transform3D(1, 0, 0, 0, 0.979614, -0.20089, 0, 0.20089, 0.979614, -1.81683, 0.529401, 1.35667)

[node name="grass5" parent="." instance=ExtResource("8_onrxg")]
transform = Transform3D(0.0122484, -0.19956, -0.979809, -0.108919, 0.973786, -0.199695, 0.993975, 0.109166, -0.00980853, -1.81683, 0.529401, 0.797915)

[node name="grass6" parent="." instance=ExtResource("8_onrxg")]
transform = Transform3D(0.0122484, -0.19956, -0.979809, -0.050946, 0.978485, -0.199927, 0.998626, 0.0523661, 0.00181812, -1.33848, 0.529401, 0.797915)

[node name="flowers-tall2" parent="." instance=ExtResource("9_g0bg6")]
transform = Transform3D(1, 0, 0, 0, 1, 0, 0, 0, 1, -1.17921, 0.472793, 1.37131)

[node name="flowers-tall3" parent="." instance=ExtResource("9_g0bg6")]
transform = Transform3D(0.394888, 0, -0.918729, 0, 1, 0, 0.918729, 0, 0.394888, -2.0202, 0.396857, 0.975434)

[node name="flowers-tall4" parent="." instance=ExtResource("9_g0bg6")]
transform = Transform3D(0.394888, 0, -0.918729, 0, 1, 0, 0.918729, 0, 0.394888, 0.838841, 0.45721, 0.975434)

[node name="flowers-tall5" parent="." instance=ExtResource("9_g0bg6")]
transform = Transform3D(0.390887, 0.14199, -0.909421, -0.0560701, 0.989868, 0.13045, 0.918729, 0, 0.394888, 1.64409, 0.45721, 1.47689)

[node name="flowers-tall6" parent="." instance=ExtResource("9_g0bg6")]
transform = Transform3D(0.339528, -0.510618, -0.78993, 0.201637, 0.859808, -0.46912, 0.918729, -3.68755e-09, 0.394888, 2.08587, 0.45721, 1.95924)

[node name="hedge2" parent="." instance=ExtResource("10_5jlg5")]
transform = Transform3D(1, 0, 0, 0, 1, 0, 0, 0, 1, 1.85466, 0.93757, -0.767624)

[node name="hedge3" parent="." instance=ExtResource("10_5jlg5")]
transform = Transform3D(0.118664, 0, -0.992934, 0, 1, 0, 0.992934, 0, 0.118664, 2.90974, 0.93757, 0.01242)

[node name="tree_tall2" parent="." instance=ExtResource("11_175nt")]
transform = Transform3D(0.999997, -0.00253072, 0, 0.00253072, 0.999997, 0, 0, 0, 1, 1.135, 1.04443, -0.457735)

[node name="tree_tall3" parent="." instance=ExtResource("11_175nt")]
transform = Transform3D(1, 0, 0, 0, 1, 0, 0, 0, 1, 2.30237, 1.12088, -0.168983)

[node name="tree_tall_fall2" parent="." instance=ExtResource("12_1g6r1")]
transform = Transform3D(1, 0, 0, 0, 1, 0, 0, 0, 1, -2.72819, 0.519534, 0.805519)

[node name="tree_tall_fall3" parent="." instance=ExtResource("12_1g6r1")]
transform = Transform3D(1, 0, 0, 0, 1, 0, 0, 0, 1, -2.72819, 0.519534, 0.805519)

[node name="tree_thin2" parent="." instance=ExtResource("13_3djj2")]
transform = Transform3D(1, 0, 0, 0, 1, 0, 0, 0, 1, 0.407584, 0.456399, 1.05816)

[node name="tree_thin_fall2" parent="." instance=ExtResource("14_0opji")]
transform = Transform3D(-0.789735, -0.146083, -0.5958, -0.116618, 0.989272, -0.0879801, 0.602261, 0, -0.798299, 2.3666, 0.376062, 0.88503)

[node name="tree_small2" parent="." instance=ExtResource("15_6mosl")]
transform = Transform3D(1, 0, 0, 0, 1, 0, 0, 0, 1, -1.83286, 0.563367, 0.02545)

[node name="DirectionalLight3D" type="DirectionalLight3D" parent="."]
transform = Transform3D(1, 0, 0, 0, 0.777629, 0.628723, 0, -0.628723, 0.777629, 0.984119, 8.61609, 11.8745)
light_energy = 1.541
sky_mode = 1

[node name="sfx_menu" type="AudioStreamPlayer" parent="."]
stream = ExtResource("16_j8jdw")

[node name="Player" parent="." instance=ExtResource("16_ui0hs")]
transform = Transform3D(-0.0897579, 0, 0.794949, 0, 0.8, 0, -0.794949, 0, -0.0897579, 2.47731, 2.12312, 5.76476)

[node name="Lever" parent="." instance=ExtResource("17_cd1s2")]
transform = Transform3D(-1.31134e-08, 0.3, 0, -0.3, -1.31134e-08, 0, 0, 0, 0.3, -2.4741, 3.25294, 5.92637)
script = ExtResource("18_asigq")

[node name="GridMap" type="GridMap" parent="."]
transform = Transform3D(1, 0, 0, 0, 1, 0, 0, 0, 1, 0, -0.15234, 0)
mesh_library = ExtResource("19_c4sqi")
data = {
"cells": PackedInt32Array(0, 2, 1441792, 65535, 2, 655360, 65535, 3, 655360, 0, 3, 655360, 65534, 2, 655360, 65534, 3, 655360, 1, 2, 655360, 1, 3, 655360, 65534, 4, 655360, 65535, 4, 655360, 0, 4, 655360, 1, 4, 655360, 131070, 2, 1179656, 131070, 3, 1179656, 131070, 4, 1179656)
}
metadata/_editor_floor_ = Vector3(0, 1, 0)
